feature value,n_samples,precision,recall,fbeta
 Private,4579,0.7247259439707674,0.5991943605236657,0.6560088202866594
 Local-gov,427,0.7394957983193278,0.6330935251798561,0.6821705426356588
 Self-emp-inc,208,0.8425925925925926,0.7165354330708661,0.774468085106383
 Self-emp-not-inc,511,0.6979166666666666,0.47183098591549294,0.5630252100840336
 Federal-gov,179,0.7681159420289855,0.7361111111111112,0.7517730496453902
 ?,348,0.7083333333333334,0.4722222222222222,0.5666666666666667
 State-gov,253,0.7384615384615385,0.7384615384615385,0.7384615384615385
 Without-pay,5,0.0,0.0,0.0
 Never-worked,3,0.0,0.0,0.0
feature value,n_samples,precision,recall,fbeta
 HS-grad,2076,0.601063829787234,0.35646687697160884,0.44752475247524753
 7th-8th,116,0.6,0.42857142857142855,0.5
 Bachelors,1075,0.7304964539007093,0.7136258660508084,0.72196261682243
 Some-college,1519,0.7455357142857143,0.5251572327044025,0.6162361623616236
 Assoc-voc,266,0.6896551724137931,0.5263157894736842,0.5970149253731344
 Assoc-acdm,221,0.6666666666666666,0.5660377358490566,0.6122448979591837
 Masters,324,0.8159203980099502,0.8118811881188119,0.813895781637717
 9th,106,1.0,0.09090909090909091,0.16666666666666669
 10th,187,1.0,0.2,0.33333333333333337
 12th,84,0.6666666666666666,0.3333333333333333,0.4444444444444444
 11th,238,1.0,0.4444444444444444,0.6153846153846153
 Doctorate,73,0.8596491228070176,0.9423076923076923,0.8990825688073394
 1st-4th,38,1.0,0.5,0.6666666666666666
 Prof-school,114,0.8314606741573034,0.9367088607594937,0.880952380952381
 5th-6th,66,1.0,0.25,0.4
 Preschool,10,0.0,0.0,0.0
feature value,n_samples,precision,recall,fbeta
 Never-married,2126,0.7872340425531915,0.3490566037735849,0.4836601307189543
 Married-civ-spouse,2984,0.7344398340248963,0.6575037147102526,0.6938455507644062
 Widowed,197,1.0,0.15384615384615385,0.2666666666666667
 Separated,208,1.0,0.46153846153846156,0.631578947368421
 Divorced,900,0.6904761904761905,0.3333333333333333,0.4496124031007752
 Married-spouse-absent,92,0.0,0.0,0.0
 Married-AF-spouse,6,0.0,0.0,0.0
feature value,n_samples,precision,recall,fbeta
 Craft-repair,778,0.6511627906976745,0.49411764705882355,0.5618729096989967
 Exec-managerial,824,0.793010752688172,0.7564102564102564,0.774278215223097
 Adm-clerical,755,0.5930232558139535,0.4811320754716981,0.5312500000000001
 Machine-op-inspct,415,0.6521739130434783,0.25,0.3614457831325301
 Sales,749,0.6853932584269663,0.6387434554973822,0.6612466124661246
 Prof-specialty,820,0.7960339943342776,0.7242268041237113,0.7584345479082321
 Transport-moving,335,0.5666666666666667,0.27419354838709675,0.3695652173913043
 Other-service,682,0.5,0.07142857142857142,0.125
 Tech-support,175,0.72,0.72,0.72
 Protective-serv,134,0.7142857142857143,0.5555555555555556,0.6250000000000001
 Handlers-cleaners,249,1.0,0.19047619047619047,0.32
 ?,351,0.7083333333333334,0.4722222222222222,0.5666666666666667
 Farming-fishing,208,0.6923076923076923,0.34615384615384615,0.46153846153846156
 Priv-house-serv,36,0.0,0.0,0.0
 Armed-Forces,2,1.0,1.0,1.0
feature value,n_samples,precision,recall,fbeta
 Not-in-family,1667,0.7407407407407407,0.3409090909090909,0.4669260700389105
 Husband,2625,0.7322097378277154,0.6582491582491582,0.6932624113475176
 Unmarried,683,0.8461538461538461,0.3055555555555556,0.44897959183673475
 Own-child,1008,1.0,0.15384615384615385,0.2666666666666667
 Wife,314,0.7555555555555555,0.6623376623376623,0.7058823529411764
 Other-relative,216,0.6666666666666666,0.2857142857142857,0.4
feature value,n_samples,precision,recall,fbeta
 White,5591,0.7349498327759197,0.6164095371669004,0.6704805491990846
 Black,619,0.7931034482758621,0.5111111111111111,0.6216216216216216
 Asian-Pac-Islander,201,0.725,0.6041666666666666,0.6590909090909091
 Amer-Indian-Eskimo,57,0.5,0.3333333333333333,0.4
 Other,45,0.75,0.75,0.75
feature value,n_samples,precision,recall,fbeta
 Male,4406,0.73215859030837,0.6196868008948546,0.6712439418416801
 Female,2107,0.7664670658682635,0.5493562231759657,0.64
feature value,n_samples,precision,recall,fbeta
 United-States,5825,0.7412353923205343,0.6098901098901099,0.6691785983421251
 Mexico,141,0.75,0.5,0.6
 ?,112,0.75,0.6,0.6666666666666665
 El-Salvador,25,1.0,0.8,0.888888888888889
 Hong,3,1.0,0.5,0.6666666666666666
 India,20,0.7,0.875,0.7777777777777777
 Guatemala,16,0.0,0.0,0.0
 Philippines,41,0.5,0.45454545454545453,0.47619047619047616
 England,18,0.6,1.0,0.7499999999999999
 Puerto-Rico,27,0.3333333333333333,1.0,0.5
 Columbia,13,0.5,1.0,0.6666666666666666
 Cuba,17,0.8333333333333334,1.0,0.9090909090909091
 Haiti,13,0.5,1.0,0.6666666666666666
 Germany,30,0.5555555555555556,0.5555555555555556,0.5555555555555556
 China,14,0.8,1.0,0.888888888888889
 Japan,14,1.0,0.5,0.6666666666666666
 Peru,4,0.5,0.5,0.5
 Nicaragua,8,1.0,1.0,1.0
 Outlying-US(Guam-USVI-etc),4,0.0,0.0,0.0
 Trinadad&Tobago,3,0.0,0.0,0.0
 Canada,24,0.8,0.5714285714285714,0.6666666666666666
 Iran,9,1.0,0.25,0.4
 Poland,14,0.6666666666666666,0.6666666666666666,0.6666666666666666
 Cambodia,3,0.0,0.0,0.0
 Yugoslavia,7,1.0,0.3333333333333333,0.5
 South,12,0.5,1.0,0.6666666666666666
 Vietnam,14,0.0,0.0,0.0
 Laos,2,0.0,0.0,0.0
 Ecuador,6,1.0,0.5,0.6666666666666666
 Scotland,2,0.0,0.0,0.0
 Italy,11,1.0,0.75,0.8571428571428571
 Dominican-Republic,15,0.0,0.0,0.0
 Ireland,5,0.0,0.0,0.0
 Jamaica,16,0.0,0.0,0.0
 Greece,7,0.0,0.0,0.0
 France,4,0.0,0.0,0.0
 Portugal,7,0.0,0.0,0.0
 Taiwan,4,1.0,1.0,1.0
 Thailand,2,0.0,0.0,0.0
 Honduras,1,0.0,0.0,0.0
feature value,n_samples,precision,recall,fbeta
 Private,4570,0.7080459770114943,0.6324435318275154,0.6681127982646421
 ?,370,0.5757575757575758,0.5428571428571428,0.5588235294117646
 State-gov,233,0.8253968253968254,0.7428571428571429,0.7819548872180451
 Self-emp-inc,230,0.7956204379562044,0.8449612403100775,0.8195488721804511
 Local-gov,406,0.6262626262626263,0.5486725663716814,0.5849056603773586
 Self-emp-not-inc,498,0.7090909090909091,0.5611510791366906,0.6265060240963856
 Federal-gov,202,0.8208955223880597,0.6707317073170732,0.738255033557047
 Without-pay,3,0.0,0.0,0.0
 Never-worked,1,0.0,0.0,0.0
feature value,n_samples,precision,recall,fbeta
 11th,238,1.0,0.16666666666666666,0.2857142857142857
 Bachelors,1098,0.7468354430379747,0.7763157894736842,0.7612903225806452
 HS-grad,2134,0.5928853754940712,0.46439628482972134,0.5208333333333334
 Doctorate,76,0.7903225806451613,0.9245283018867925,0.8521739130434782
 Some-college,1409,0.6544502617801047,0.4734848484848485,0.5494505494505495
 Assoc-voc,253,0.6578947368421053,0.45454545454545453,0.5376344086021505
 10th,182,0.5714285714285714,0.3333333333333333,0.4210526315789474
 Assoc-acdm,220,0.6792452830188679,0.5901639344262295,0.631578947368421
 Masters,336,0.8092783505154639,0.8263157894736842,0.8177083333333334
 1st-4th,33,0.0,0.0,0.0
 Preschool,6,0.0,0.0,0.0
 Prof-school,118,0.8367346938775511,0.9318181818181818,0.8817204301075268
 9th,117,1.0,0.4,0.5714285714285715
 12th,94,1.0,0.2857142857142857,0.4444444444444445
 5th-6th,68,0.0,0.0,0.0
 7th-8th,131,1.0,0.2727272727272727,0.42857142857142855
feature value,n_samples,precision,recall,fbeta
 Never-married,2159,0.8627450980392157,0.4835164835164835,0.6197183098591549
 Married-civ-spouse,2974,0.7073750991276765,0.6772968868640851,0.6920093095422809
 Divorced,878,0.8,0.4235294117647059,0.5538461538461539
 Widowed,194,0.7142857142857143,0.29411764705882354,0.4166666666666667
 Separated,204,0.9,0.5625,0.6923076923076923
 Married-spouse-absent,97,1.0,0.4166666666666667,0.5882352941176471
 Married-AF-spouse,7,0.0,0.0,0.0
feature value,n_samples,precision,recall,fbeta
 Handlers-cleaners,261,0.75,0.23076923076923078,0.3529411764705882
 Transport-moving,322,0.625,0.390625,0.4807692307692308
 Other-service,685,1.0,0.15625,0.2702702702702703
 Exec-managerial,797,0.8031088082901554,0.8115183246073299,0.8072916666666666
 ?,371,0.5757575757575758,0.5428571428571428,0.5588235294117646
 Prof-specialty,869,0.7623762376237624,0.7837150127226463,0.7728983688833124
 Adm-clerical,764,0.5393258426966292,0.43636363636363634,0.4824120603015076
 Sales,710,0.6687116564417178,0.6337209302325582,0.6507462686567165
 Protective-serv,107,0.6896551724137931,0.5405405405405406,0.6060606060606061
 Farming-fishing,181,0.6666666666666666,0.3157894736842105,0.42857142857142855
 Craft-repair,804,0.6159420289855072,0.4722222222222222,0.5345911949685535
 Tech-support,179,0.6808510638297872,0.6037735849056604,0.64
 Machine-op-inspct,430,0.6451612903225806,0.39215686274509803,0.4878048780487804
 Priv-house-serv,31,0.0,0.0,0.0
 Armed-Forces,2,1.0,1.0,1.0
feature value,n_samples,precision,recall,fbeta
 Not-in-family,1632,0.8064516129032258,0.4838709677419355,0.6048387096774193
 Husband,2608,0.7129963898916968,0.6804478897502153,0.6963420008814456
 Own-child,1048,1.0,0.3888888888888889,0.56
 Unmarried,719,0.9411764705882353,0.3333333333333333,0.49230769230769234
 Wife,331,0.6622516556291391,0.6535947712418301,0.6578947368421052
 Other-relative,175,1.0,0.42857142857142855,0.6
feature value,n_samples,precision,recall,fbeta
 White,5553,0.7169811320754716,0.6542324246771879,0.6841710427606901
 Black,615,0.6792452830188679,0.5142857142857142,0.5853658536585366
 Asian-Pac-Islander,224,0.8260869565217391,0.5671641791044776,0.672566371681416
 Other,51,1.0,0.2,0.33333333333333337
 Amer-Indian-Eskimo,70,0.5714285714285714,0.6666666666666666,0.6153846153846153
feature value,n_samples,precision,recall,fbeta
 Male,4327,0.7230125523012553,0.653555219364599,0.6865315852205005
 Female,2186,0.6902173913043478,0.5772727272727273,0.6287128712871287
feature value,n_samples,precision,recall,fbeta
 United-States,5818,0.7162162162162162,0.6463414634146342,0.6794871794871794
 Italy,16,1.0,0.4,0.5714285714285715
 ?,118,0.7241379310344828,0.7,0.711864406779661
 Poland,16,0.6666666666666666,0.5,0.5714285714285715
 Mexico,119,1.0,0.2,0.33333333333333337
 Canada,35,0.8888888888888888,0.7272727272727273,0.7999999999999999
 China,18,1.0,0.8571428571428571,0.923076923076923
 Columbia,12,0.0,0.0,0.0
 Germany,25,1.0,0.5,0.6666666666666666
 India,25,0.8181818181818182,0.75,0.7826086956521738
 Jamaica,13,0.0,0.0,0.0
 Philippines,46,0.7692307692307693,0.625,0.6896551724137931
 Haiti,10,0.5,1.0,0.6666666666666666
 Japan,12,1.0,0.6,0.7499999999999999
 Laos,5,0.0,0.0,0.0
 Dominican-Republic,14,0.0,0.0,0.0
 Peru,8,0.0,0.0,0.0
 Puerto-Rico,17,0.0,0.0,0.0
 Hungary,7,1.0,0.5,0.6666666666666666
 Cuba,18,0.5714285714285714,0.8,0.6666666666666666
 Ireland,8,1.0,1.0,1.0
 Nicaragua,10,0.0,0.0,0.0
 France,5,1.0,0.75,0.8571428571428571
 South,16,0.6666666666666666,0.5,0.5714285714285715
 England,19,0.5,0.6,0.5454545454545454
 El-Salvador,23,1.0,1.0,1.0
 Iran,7,0.25,0.5,0.3333333333333333
 Outlying-US(Guam-USVI-etc),2,0.0,0.0,0.0
 Yugoslavia,4,0.5,1.0,0.6666666666666666
 Guatemala,10,0.0,0.0,0.0
 Vietnam,12,0.0,0.0,0.0
 Holand-Netherlands,1,0.0,0.0,0.0
 Thailand,5,0.0,0.0,0.0
 Honduras,2,0.0,0.0,0.0
 Scotland,3,1.0,1.0,1.0
 Ecuador,5,0.0,0.0,0.0
 Taiwan,11,1.0,0.75,0.8571428571428571
 Cambodia,4,1.0,0.5,0.6666666666666666
 Trinadad&Tobago,4,0.0,0.0,0.0
 Hong,4,0.0,0.0,0.0
 Greece,5,0.0,0.0,0.0
 Portugal,1,0.0,0.0,0.0
feature value,n_samples,precision,recall,fbeta
 Private,4505,0.7245714285714285,0.6271018793273986,0.6723223753976669
 Local-gov,453,0.6875,0.6111111111111112,0.6470588235294118
 State-gov,272,0.746268656716418,0.6756756756756757,0.7092198581560283
 ?,384,0.5769230769230769,0.35714285714285715,0.4411764705882353
 Self-emp-inc,219,0.75,0.7815126050420168,0.7654320987654322
 Federal-gov,201,0.8333333333333334,0.8024691358024691,0.8176100628930817
 Self-emp-not-inc,475,0.71875,0.4928571428571429,0.5847457627118644
 Without-pay,4,0.0,0.0,0.0
feature value,n_samples,precision,recall,fbeta
 HS-grad,2097,0.594017094017094,0.41124260355029585,0.48601398601398604
 Some-college,1438,0.6403940886699507,0.47619047619047616,0.5462184873949579
 Bachelors,1084,0.7554585152838428,0.7505422993492408,0.7529923830250272
 11th,215,0.5,0.18181818181818182,0.26666666666666666
 12th,89,1.0,0.4,0.5714285714285715
 7th-8th,142,1.0,0.14285714285714285,0.25
 Doctorate,78,0.835820895522388,0.9333333333333333,0.8818897637795275
 Assoc-voc,296,0.6875,0.5714285714285714,0.624113475177305
 Assoc-acdm,202,0.5952380952380952,0.5208333333333334,0.5555555555555556
 Prof-school,119,0.8876404494382022,0.9186046511627907,0.9028571428571427
 Masters,357,0.8325123152709359,0.8492462311557789,0.8407960199004975
 9th,99,1.0,0.2857142857142857,0.4444444444444445
 10th,174,0.8333333333333334,0.38461538461538464,0.5263157894736842
 5th-6th,73,1.0,0.4,0.5714285714285715
 1st-4th,37,1.0,0.3333333333333333,0.5
 Preschool,13,0.0,0.0,0.0
feature value,n_samples,precision,recall,fbeta
 Never-married,2103,0.8571428571428571,0.3853211009174312,0.5316455696202532
 Married-civ-spouse,3043,0.723015873015873,0.6703458425312729,0.6956853760977472
 Married-spouse-absent,105,1.0,0.4444444444444444,0.6153846153846153
 Divorced,877,0.6538461538461539,0.38636363636363635,0.48571428571428565
 Separated,188,0.8333333333333334,0.5,0.625
 Widowed,191,1.0,0.35294117647058826,0.5217391304347826
 Married-AF-spouse,6,1.0,1.0,1.0
feature value,n_samples,precision,recall,fbeta
 Protective-serv,136,0.6486486486486487,0.631578947368421,0.64
 Transport-moving,328,0.6744186046511628,0.42028985507246375,0.5178571428571429
 Machine-op-inspct,394,0.47058823529411764,0.35555555555555557,0.40506329113924056
 Adm-clerical,758,0.6071428571428571,0.53125,0.5666666666666667
 Sales,700,0.7294117647058823,0.6048780487804878,0.6613333333333333
 ?,384,0.5769230769230769,0.35714285714285715,0.4411764705882353
 Other-service,653,0.5555555555555556,0.16129032258064516,0.25
 Prof-specialty,821,0.7786666666666666,0.7956403269754768,0.7870619946091644
 Exec-managerial,837,0.779126213592233,0.781021897810219,0.7800729040097206
 Tech-support,176,0.7916666666666666,0.6440677966101694,0.7102803738317757
 Craft-repair,814,0.6076923076923076,0.42021276595744683,0.4968553459119498
 Handlers-cleaners,281,0.6666666666666666,0.14285714285714285,0.23529411764705882
 Farming-fishing,200,1.0,0.25,0.4
 Priv-house-serv,31,0.0,0.0,0.0
feature value,n_samples,precision,recall,fbeta
 Not-in-family,1649,0.7634408602150538,0.40804597701149425,0.5318352059925093
 Husband,2696,0.7191111111111111,0.6741666666666667,0.6959139784946237
 Unmarried,695,0.8181818181818182,0.375,0.5142857142857142
 Own-child,984,1.0,0.3333333333333333,0.5
 Wife,315,0.753731343283582,0.6644736842105263,0.7062937062937064
 Other-relative,174,0.0,0.0,0.0
feature value,n_samples,precision,recall,fbeta
 White,5570,0.7264822134387352,0.6373092926490985,0.6789804211304026
 Black,625,0.8113207547169812,0.5180722891566265,0.6323529411764707
 Asian-Pac-Islander,207,0.7058823529411765,0.631578947368421,0.6666666666666667
 Amer-Indian-Eskimo,55,0.75,0.5,0.6
 Other,56,0.4,0.4,0.4000000000000001
feature value,n_samples,precision,recall,fbeta
 Male,4345,0.7253580454928391,0.6430171769977595,0.681710213776722
 Female,2168,0.743455497382199,0.5590551181102362,0.6382022471910114
feature value,n_samples,precision,recall,fbeta
 United-States,5792,0.7253968253968254,0.638268156424581,0.6790490341753342
 Philippines,36,0.7142857142857143,0.6666666666666666,0.689655172413793
 Holand-Netherlands,1,0.0,0.0,0.0
 France,7,0.75,0.75,0.75
 Mexico,141,0.8,0.4,0.5333333333333333
 ?,128,0.8333333333333334,0.625,0.7142857142857143
 Vietnam,15,0.0,0.0,0.0
 Iran,13,0.42857142857142855,0.75,0.5454545454545454
 China,17,0.625,1.0,0.7692307692307693
 Greece,10,0.25,0.3333333333333333,0.28571428571428575
 India,20,0.8333333333333334,0.625,0.7142857142857143
 Italy,19,1.0,0.3333333333333333,0.5
 Jamaica,18,1.0,0.3333333333333333,0.5
 Taiwan,11,1.0,0.3333333333333333,0.5
 Haiti,12,1.0,1.0,1.0
 Columbia,11,0.0,0.0,0.0
 Cuba,21,1.0,0.6,0.7499999999999999
 Canada,22,0.75,0.375,0.5
 Dominican-Republic,22,0.5,1.0,0.6666666666666666
 England,19,1.0,0.3333333333333333,0.5
 Germany,21,0.75,0.2727272727272727,0.39999999999999997
 South,20,0.6,0.75,0.6666666666666665
 Outlying-US(Guam-USVI-etc),3,0.0,0.0,0.0
 Poland,7,1.0,1.0,1.0
 Puerto-Rico,23,0.8,1.0,0.888888888888889
 Portugal,11,1.0,0.25,0.4
 Ireland,6,1.0,1.0,1.0
 El-Salvador,19,1.0,0.6666666666666666,0.8
 Japan,15,1.0,0.5,0.6666666666666666
 Thailand,2,0.0,0.0,0.0
 Guatemala,15,1.0,0.3333333333333333,0.5
 Yugoslavia,2,0.0,0.0,0.0
 Trinadad&Tobago,4,1.0,1.0,1.0
 Honduras,2,0.0,0.0,0.0
 Peru,7,0.5,1.0,0.6666666666666666
 Laos,2,0.0,0.0,0.0
 Cambodia,4,1.0,0.5,0.6666666666666666
 Ecuador,2,0.0,0.0,0.0
 Nicaragua,8,0.0,0.0,0.0
 Hong,3,0.0,0.0,0.0
 Scotland,2,1.0,1.0,1.0
feature value,n_samples,precision,recall,fbeta
 Private,4490,0.7485101311084624,0.6199407699901284,0.6781857451403888
 Self-emp-not-inc,513,0.7211538461538461,0.5514705882352942,0.6250000000000001
 Local-gov,450,0.6942148760330579,0.6774193548387096,0.6857142857142856
 ?,377,0.5833333333333334,0.4375,0.5
 Federal-gov,183,0.7580645161290323,0.7014925373134329,0.7286821705426356
 Self-emp-inc,213,0.7857142857142857,0.7586206896551724,0.7719298245614034
 State-gov,283,0.75,0.6951219512195121,0.721518987341772
 Without-pay,2,0.0,0.0,0.0
 Never-worked,2,0.0,0.0,0.0
feature value,n_samples,precision,recall,fbeta
 Some-college,1438,0.7052631578947368,0.49814126394052044,0.5838779956427015
 9th,102,1.0,0.2,0.33333333333333337
 Assoc-voc,276,0.7166666666666667,0.589041095890411,0.6466165413533834
 10th,170,0.4,0.2,0.26666666666666666
 Assoc-acdm,227,0.6428571428571429,0.5625,0.6000000000000001
 Bachelors,1099,0.775330396475771,0.7318087318087318,0.7529411764705883
 11th,260,0.8,0.3076923076923077,0.4444444444444444
 HS-grad,2075,0.5865384615384616,0.40131578947368424,0.47656250000000006
 Masters,358,0.7867298578199052,0.8258706467661692,0.8058252427184466
 5th-6th,56,0.0,0.0,0.0
 Prof-school,109,0.8936170212765957,0.9545454545454546,0.9230769230769231
 12th,94,0.5,0.16666666666666666,0.25
 7th-8th,125,1.0,0.16666666666666666,0.2857142857142857
 Doctorate,88,0.8615384615384616,0.8888888888888888,0.8750000000000001
 1st-4th,28,0.0,0.0,0.0
 Preschool,8,0.0,0.0,0.0
feature value,n_samples,precision,recall,fbeta
 Married-civ-spouse,2960,0.7331163547599675,0.6733931240657698,0.7019867549668874
 Never-married,2156,0.8775510204081632,0.4095238095238095,0.5584415584415585
 Divorced,900,0.782608695652174,0.4235294117647059,0.549618320610687
 Married-spouse-absent,80,1.0,0.14285714285714285,0.25
 Widowed,195,1.0,0.2631578947368421,0.4166666666666667
 Separated,218,0.875,0.4375,0.5833333333333334
 Married-AF-spouse,4,0.0,0.0,0.0
feature value,n_samples,precision,recall,fbeta
 Machine-op-inspct,386,0.2916666666666667,0.15217391304347827,0.2
 Craft-repair,810,0.6333333333333333,0.4393063583815029,0.5187713310580204
 Transport-moving,300,0.6875,0.3728813559322034,0.4835164835164835
 Exec-managerial,831,0.7884130982367759,0.7615571776155717,0.7747524752475248
 Adm-clerical,741,0.5925925925925926,0.4948453608247423,0.5393258426966292
 Sales,735,0.7212121212121212,0.5979899497487438,0.6538461538461539
 Prof-specialty,861,0.8244274809160306,0.7921760391198044,0.8079800498753118
 Other-service,642,0.6666666666666666,0.17391304347826086,0.27586206896551724
 Tech-support,205,0.6949152542372882,0.6949152542372882,0.6949152542372882
 Handlers-cleaners,269,0.6666666666666666,0.15384615384615385,0.25
 ?,379,0.5833333333333334,0.4375,0.5
 Farming-fishing,193,0.5,0.13333333333333333,0.2105263157894737
 Protective-serv,135,0.6896551724137931,0.6060606060606061,0.6451612903225807
 Priv-house-serv,25,1.0,1.0,1.0
 Armed-Forces,1,0.0,0.0,0.0
feature value,n_samples,precision,recall,fbeta
 Husband,2613,0.7355371900826446,0.6748104465037911,0.7038664323374341
 Other-relative,174,0.75,0.375,0.5
 Not-in-family,1704,0.8846153846153846,0.3988439306358382,0.549800796812749
 Own-child,1010,0.8888888888888888,0.47058823529411764,0.6153846153846153
 Unmarried,707,0.7,0.35,0.4666666666666667
 Wife,305,0.7101449275362319,0.6758620689655173,0.6925795053003534
feature value,n_samples,precision,recall,fbeta
 Asian-Pac-Islander,205,0.8431372549019608,0.6935483870967742,0.7610619469026549
 White,5567,0.7390946502057614,0.6323943661971831,0.6815939278937382
 Black,627,0.703125,0.5769230769230769,0.6338028169014084
 Other,57,0.75,0.6,0.6666666666666665
 Amer-Indian-Eskimo,57,1.0,0.8,0.888888888888889
feature value,n_samples,precision,recall,fbeta
 Male,4345,0.7452339688041595,0.6432311144353029,0.6904857486953031
 Female,2168,0.7228260869565217,0.5708154506437768,0.6378896882494005
feature value,n_samples,precision,recall,fbeta
 Philippines,50,0.9166666666666666,0.5789473684210527,0.7096774193548387
 United-States,5818,0.7347107438016529,0.630943931866572,0.6788850706376479
 Mexico,110,1.0,0.2,0.33333333333333337
 Puerto-Rico,30,0.8,1.0,0.888888888888889
 Canada,27,0.8571428571428571,0.75,0.7999999999999999
 Jamaica,15,1.0,0.5,0.6666666666666666
 Germany,45,0.8461538461538461,0.7333333333333333,0.7857142857142856
 El-Salvador,16,1.0,0.8,0.888888888888889
 ?,135,0.6923076923076923,0.6206896551724138,0.6545454545454545
 India,22,0.9,0.8181818181818182,0.8571428571428572
 South,11,0.3333333333333333,0.5,0.4
 Cuba,22,0.75,0.42857142857142855,0.5454545454545454
 Trinadad&Tobago,6,0.0,0.0,0.0
 France,11,0.6666666666666666,0.5,0.5714285714285715
 China,14,1.0,0.8333333333333334,0.9090909090909091
 Vietnam,13,1.0,1.0,1.0
 Guatemala,11,0.0,0.0,0.0
 Iran,8,0.75,0.6,0.6666666666666665
 Haiti,8,0.0,0.0,0.0
 Dominican-Republic,13,1.0,1.0,1.0
 Columbia,11,0.0,0.0,0.0
 England,17,0.8,0.8,0.8000000000000002
 Hungary,2,0.0,0.0,0.0
 Taiwan,7,1.0,0.75,0.8571428571428571
 Portugal,6,0.0,0.0,0.0
 Ecuador,7,1.0,0.5,0.6666666666666666
 Japan,18,1.0,0.7142857142857143,0.8333333333333333
 Poland,13,0.6666666666666666,0.6666666666666666,0.6666666666666666
 Italy,12,0.6666666666666666,0.5,0.5714285714285715
 Hong,6,0.5,0.5,0.5
 Peru,5,0.5,0.5,0.5
 Ireland,6,1.0,0.5,0.6666666666666666
 Nicaragua,5,1.0,1.0,1.0
 Greece,4,1.0,1.0,1.0
 Outlying-US(Guam-USVI-etc),2,0.0,0.0,0.0
 Yugoslavia,2,0.0,0.0,0.0
 Laos,3,0.0,0.0,0.0
 Cambodia,1,0.0,0.0,0.0
 Honduras,1,0.0,0.0,0.0
feature value,n_samples,precision,recall,fbeta
 Private,4580,0.9645593869731801,0.9324074074074075,0.948210922787194
 Local-gov,399,0.9473684210526315,0.8910891089108911,0.9183673469387755
 Self-emp-not-inc,508,0.9754098360655737,0.9224806201550387,0.9482071713147411
 ?,356,0.9418604651162791,0.8804347826086957,0.9101123595505618
 Federal-gov,205,0.9629629629629629,0.9122807017543859,0.9369369369369369
 State-gov,256,1.0,0.953125,0.976
 Self-emp-inc,207,1.0,0.8888888888888888,0.9411764705882353
 Never-worked,1,0.0,0.0,0.0
 Without-pay,1,0.0,0.0,0.0
feature value,n_samples,precision,recall,fbeta
 Preschool,12,1.0,1.0,1.0
 Bachelors,1088,0.9616858237547893,0.9194139194139194,0.9400749063670412
 Assoc-acdm,213,0.9642857142857143,0.9310344827586207,0.9473684210526316
 Assoc-voc,273,0.95,0.9047619047619048,0.9268292682926829
 Some-college,1433,0.9688473520249221,0.933933933933934,0.9510703363914372
 HS-grad,2136,0.9696969696969697,0.9213051823416507,0.9448818897637795
 11th,242,0.9444444444444444,0.9272727272727272,0.9357798165137615
 10th,185,1.0,0.9375,0.967741935483871
 Masters,346,0.9666666666666667,0.9157894736842105,0.9405405405405406
 Prof-school,104,1.0,0.8,0.888888888888889
 Doctorate,74,1.0,0.9411764705882353,0.9696969696969697
 7th-8th,113,0.9142857142857143,0.9696969696969697,0.9411764705882354
 9th,112,0.9375,1.0,0.967741935483871
 5th-6th,63,0.9444444444444444,0.9444444444444444,0.9444444444444444
 12th,83,0.9166666666666666,0.7857142857142857,0.8461538461538461
 1st-4th,36,1.0,1.0,1.0
feature value,n_samples,precision,recall,fbeta
 Never-married,2173,0.9628180039138943,0.9300567107750473,0.9461538461538461
 Married-civ-spouse,2989,0.9640179910044977,0.9120567375886525,0.9373177842565596
 Divorced,867,0.9801980198019802,0.9428571428571428,0.9611650485436893
 Separated,215,0.9649122807017544,0.9322033898305084,0.9482758620689654
 Widowed,200,0.9574468085106383,0.9375,0.9473684210526315
 Married-spouse-absent,67,0.9444444444444444,1.0,0.9714285714285714
 Married-AF-spouse,2,0.0,0.0,0.0
feature value,n_samples,precision,recall,fbeta
 Machine-op-inspct,396,0.9895833333333334,0.9313725490196079,0.9595959595959597
 Prof-specialty,823,0.9642857142857143,0.9130434782608695,0.9379652605459057
 Craft-repair,843,0.9444444444444444,0.9139784946236559,0.9289617486338798
 Sales,702,0.9803921568627451,0.9259259259259259,0.9523809523809523
 Adm-clerical,718,0.9608938547486033,0.9247311827956989,0.9424657534246574
 Handlers-cleaners,292,0.9864864864864865,0.9605263157894737,0.9733333333333333
 Exec-managerial,842,0.9583333333333334,0.9292929292929293,0.9435897435897437
 ?,357,0.9418604651162791,0.8804347826086957,0.9101123595505618
 Protective-serv,117,0.9285714285714286,0.9285714285714286,0.9285714285714286
 Transport-moving,319,0.9821428571428571,0.873015873015873,0.9243697478991596
 Other-service,693,0.9631901840490797,0.9631901840490797,0.9631901840490797
 Tech-support,180,1.0,0.9047619047619048,0.9500000000000001
 Farming-fishing,201,0.9803921568627451,0.9433962264150944,0.9615384615384616
 Priv-house-serv,30,1.0,1.0,1.0
feature value,n_samples,precision,recall,fbeta
 Own-child,1034,0.9565217391304348,0.9128630705394191,0.9341825902335457
 Husband,2656,0.9675767918088737,0.9072,0.9364161849710981
 Not-in-family,1626,0.9719387755102041,0.9454094292803971,0.958490566037736
 Unmarried,722,0.9548022598870056,0.9441340782122905,0.949438202247191
 Wife,285,0.9354838709677419,0.9354838709677419,0.9354838709677419
 Other-relative,190,1.0,0.9482758620689655,0.9734513274336283
feature value,n_samples,precision,recall,fbeta
 White,5548,0.9648162627052385,0.9257314328582146,0.9448698315467076
 Asian-Pac-Islander,207,1.0,0.9523809523809523,0.975609756097561
 Black,629,0.9617834394904459,0.9263803680981595,0.94375
 Other,57,0.9230769230769231,0.8,0.8571428571428571
 Amer-Indian-Eskimo,72,1.0,0.8666666666666667,0.9285714285714286
feature value,n_samples,precision,recall,fbeta
 Female,2103,0.9602385685884692,0.930635838150289,0.9452054794520548
 Male,4410,0.9679679679679679,0.9218303145853194,0.9443359375
feature value,n_samples,precision,recall,fbeta
 United-States,5877,0.9681952662721893,0.9237826393789696,0.945467677862044
 Mexico,125,0.9736842105263158,0.925,0.9487179487179489
 India,28,1.0,1.0,1.0
 Portugal,9,1.0,1.0,1.0
 Canada,27,1.0,0.875,0.9333333333333333
 Iran,10,1.0,1.0,1.0
 Germany,27,0.8333333333333334,1.0,0.9090909090909091
 El-Salvador,18,1.0,1.0,1.0
 Philippines,40,1.0,0.8888888888888888,0.9411764705882353
 Columbia,8,1.0,1.0,1.0
 France,7,1.0,1.0,1.0
 Greece,8,1.0,1.0,1.0
 Guatemala,11,1.0,1.0,1.0
 China,22,1.0,1.0,1.0
 Dominican-Republic,14,1.0,0.75,0.8571428571428571
 Jamaica,10,1.0,1.0,1.0
 Japan,10,1.0,1.0,1.0
 ?,91,0.9545454545454546,0.9130434782608695,0.9333333333333332
 Italy,13,1.0,1.0,1.0
 South,14,1.0,1.0,1.0
 Poland,15,0.6666666666666666,1.0,0.8
 Vietnam,11,1.0,1.0,1.0
 Haiti,9,1.0,1.0,1.0
 Peru,7,1.0,0.75,0.8571428571428571
 Cuba,19,0.6,1.0,0.7499999999999999
 England,8,0.5,1.0,0.6666666666666666
 Hong,4,0.0,0.0,0.0
 Nicaragua,8,1.0,1.0,1.0
 Puerto-Rico,24,0.75,1.0,0.8571428571428571
 Outlying-US(Guam-USVI-etc),4,1.0,1.0,1.0
 Laos,3,1.0,1.0,1.0
 Ecuador,3,1.0,1.0,1.0
 Thailand,4,1.0,1.0,1.0
 Ireland,5,1.0,1.0,1.0
 Taiwan,6,0.0,0.0,0.0
 Trinadad&Tobago,4,0.0,0.0,0.0
 Cambodia,4,0.0,0.0,0.0
 Yugoslavia,3,0.0,0.0,0.0
 Scotland,2,1.0,1.0,1.0
 Hungary,1,0.0,0.0,0.0
feature value,n_samples,precision,recall,fbeta
 Private,4500,0.9631067961165048,0.9176688251618872,0.9398389388915205
 Never-worked,1,0.0,0.0,0.0
 Self-emp-inc,238,0.9642857142857143,0.9818181818181818,0.972972972972973
 Local-gov,395,0.9690721649484536,0.9591836734693877,0.964102564102564
 Self-emp-not-inc,541,0.9745762711864406,0.9349593495934959,0.954356846473029
 ?,373,0.9545454545454546,0.9230769230769231,0.9385474860335197
 State-gov,273,0.9705882352941176,0.9041095890410958,0.9361702127659575
 Federal-gov,189,1.0,0.9565217391304348,0.9777777777777777
 Without-pay,3,1.0,1.0,1.0
feature value,n_samples,precision,recall,fbeta
 Bachelors,1104,0.9731800766283525,0.9236363636363636,0.9477611940298507
 HS-grad,2101,0.96579476861167,0.9302325581395349,0.947680157946693
 Some-college,1435,0.9525316455696202,0.9204892966360856,0.9362363919129082
 9th,88,1.0,0.9047619047619048,0.9500000000000001
 Prof-school,136,1.0,0.8571428571428571,0.923076923076923
 Masters,339,0.9404761904761905,0.9634146341463414,0.9518072289156626
 5th-6th,69,1.0,1.0,1.0
 12th,85,0.9615384615384616,0.8928571428571429,0.9259259259259259
 Assoc-acdm,212,0.9803921568627451,0.8928571428571429,0.9345794392523364
 11th,251,1.0,0.9538461538461539,0.9763779527559054
 Assoc-voc,253,1.0,0.9310344827586207,0.9642857142857143
 7th-8th,131,1.0,0.896551724137931,0.9454545454545454
 Doctorate,86,0.8823529411764706,1.0,0.9375
 1st-4th,34,1.0,1.0,1.0
 10th,183,0.8974358974358975,0.8333333333333334,0.8641975308641975
 Preschool,6,1.0,1.0,1.0
feature value,n_samples,precision,recall,fbeta
 Widowed,202,0.9361702127659575,0.9361702127659575,0.9361702127659575
 Never-married,2157,0.9686847599164927,0.9080234833659491,0.9373737373737374
 Married-civ-spouse,2981,0.9640804597701149,0.9306518723994452,0.9470712773465066
 Divorced,876,0.9705882352941176,0.9383886255924171,0.9542168674698795
 Separated,207,0.9583333333333334,0.9787234042553191,0.968421052631579
 Married-spouse-absent,85,0.9629629629629629,0.896551724137931,0.9285714285714286
 Married-AF-spouse,5,1.0,0.5,0.6666666666666666
feature value,n_samples,precision,recall,fbeta
 Prof-specialty,866,0.9651741293532339,0.9282296650717703,0.9463414634146342
 Transport-moving,339,0.9552238805970149,0.927536231884058,0.9411764705882353
 Adm-clerical,726,0.9664804469273743,0.9402173913043478,0.953168044077135
 ?,374,0.9545454545454546,0.9230769230769231,0.9385474860335197
 Sales,734,0.9447852760736196,0.9221556886227545,0.9333333333333335
 Craft-repair,791,0.9842105263157894,0.935,0.9589743589743589
 Other-service,666,0.9602649006622517,0.9119496855345912,0.935483870967742
 Machine-op-inspct,384,0.9888888888888889,0.898989898989899,0.9417989417989419
 Exec-managerial,812,0.9726775956284153,0.967391304347826,0.9700272479564033
 Tech-support,190,0.95,0.8260869565217391,0.8837209302325583
 Handlers-cleaners,266,0.9821428571428571,0.9482758620689655,0.9649122807017544
 Farming-fishing,200,0.9433962264150944,0.847457627118644,0.8928571428571428
 Protective-serv,134,0.9375,0.9090909090909091,0.923076923076923
 Priv-house-serv,31,1.0,0.9,0.9473684210526316
feature value,n_samples,precision,recall,fbeta
 Unmarried,667,0.9714285714285714,0.9714285714285714,0.9714285714285714
 Own-child,1031,0.96875,0.8930041152263375,0.9293361884368309
 Not-in-family,1682,0.9625668449197861,0.9137055837563451,0.9375
 Husband,2664,0.9643435980551054,0.926791277258567,0.9451945988880064
 Other-relative,186,0.9743589743589743,0.926829268292683,0.9500000000000001
 Wife,283,0.958904109589041,0.958904109589041,0.958904109589041
feature value,n_samples,precision,recall,fbeta
 White,5550,0.9677165354330709,0.9275471698113208,0.9472061657032755
 Black,638,0.9545454545454546,0.9130434782608695,0.9333333333333332
 Asian-Pac-Islander,205,0.9655172413793104,0.9180327868852459,0.9411764705882353
 Other,50,0.875,1.0,0.9333333333333333
 Amer-Indian-Eskimo,70,0.9166666666666666,0.7857142857142857,0.8461538461538461
feature value,n_samples,precision,recall,fbeta
 Female,2111,0.960552268244576,0.9437984496124031,0.9521016617790811
 Male,4402,0.9678391959798995,0.9153992395437263,0.9408891060087935
feature value,n_samples,precision,recall,fbeta
 Poland,17,0.8571428571428571,1.0,0.923076923076923
 United-States,5847,0.9655430711610486,0.923352435530086,0.9439765653606738
 Mexico,117,1.0,0.9310344827586207,0.9642857142857143
 Haiti,4,1.0,1.0,1.0
 ?,107,1.0,0.896551724137931,0.9454545454545454
 England,19,1.0,0.8,0.888888888888889
 Laos,4,0.0,0.0,0.0
 India,18,1.0,1.0,1.0
 Ireland,6,1.0,1.0,1.0
 South,15,1.0,1.0,1.0
 Jamaica,19,0.8571428571428571,1.0,0.923076923076923
 Greece,4,0.0,0.0,0.0
 Canada,18,1.0,1.0,1.0
 Germany,27,1.0,1.0,1.0
 Iran,10,1.0,1.0,1.0
 El-Salvador,20,0.75,1.0,0.8571428571428571
 Philippines,31,0.7142857142857143,0.7142857142857143,0.7142857142857143
 Vietnam,13,1.0,1.0,1.0
 China,20,1.0,1.0,1.0
 Guatemala,17,1.0,1.0,1.0
 Italy,21,1.0,0.8,0.888888888888889
 Holand-Netherlands,1,0.0,0.0,0.0
 Columbia,14,1.0,1.0,1.0
 Taiwan,15,1.0,1.0,1.0
 Thailand,5,1.0,1.0,1.0
 Portugal,8,1.0,1.0,1.0
 Japan,16,1.0,1.0,1.0
 Dominican-Republic,17,0.75,1.0,0.8571428571428571
 Cuba,18,1.0,1.0,1.0
 Scotland,4,1.0,1.0,1.0
 Honduras,3,0.0,0.0,0.0
 France,4,1.0,1.0,1.0
 Peru,5,1.0,0.5,0.6666666666666666
 Ecuador,4,0.0,0.0,0.0
 Trinadad&Tobago,3,1.0,1.0,1.0
 Cambodia,2,0.0,0.0,0.0
 Puerto-Rico,19,1.0,1.0,1.0
 Hungary,3,0.0,0.0,0.0
 Nicaragua,8,0.0,0.0,0.0
 Hong,2,1.0,1.0,1.0
 Outlying-US(Guam-USVI-etc),2,0.0,0.0,0.0
 Yugoslavia,6,1.0,1.0,1.0
